0.0020942 20 -20 -90
0.0021075 -40 20 -81
0.0021154 20 0 -90
0.0021182 20 0 -90
0.0021314 -20 20 -90
0.0021506 20 20 -72
0.0021625 0 0 -99
0.0021649 0 0 -99
0.002174 0 -20 -81
0.0021756 20 0 -72
0.0021922 0 0 -90
0.0021948 0 0 -90
0.0022515 0 0 -72
0.0022698 20 20 -36
0.002283 -40 0 -36
0.0022834 0 0 -63
0.0022855 -20 -20 -45
0.0022861 -20 -20 -45
0.0023106 0 0 -54
0.002316 0 20 -36
0.002322 0 -20 -36
0.0023259 -20 0 -45
0.0023262 -20 0 -45
0.0023313 20 -20 -18
0.0023458 0 20 -27
0.0023552 -40 -20 -9
0.0023801 -40 20 0
0.0023837 20 0 -9
0.0023898 -20 0 -27
0.0023992 0 0 -27
0.0023994 0 0 -27
0.00244 -40 20 18
0.0024402 -40 20 18
0.0024476 -20 0 -9
0.0024486 20 20 18
0.0024643 -40 0 18
0.0024684 0 20 9
0.0024739 0 -20 9
0.0024785 20 -20 27
0.0025106 20 -20 36
0.0025182 0 0 9
0.0025243 0 20 27
0.0025613 0 -20 36
0.0025727 -20 0 27
0.0025789 0 0 27
0.0025799 0 0 27
0.0025838 0 20 45
0.002593 0 -20 45
0.002601 -20 0 36
0.0026017 -20 0 36
0.0026313 -20 0 45
0.0026314 -20 0 45
0.0026379 0 0 45
0.0026502 -20 -20 63
0.0026586 -40 -20 81
0.0026774 -40 0 81
0.0026793 -20 -20 72
0.0026832 -40 20 90
0.0026975 0 0 63
0.0027058 0 20 81
0.0027103 20 0 90
0.0027251 0 0 72
0.002754 0 0 81
0.0027554 0 0 81
0.0027725 0 -20 99
0.0027727 -20 -20 99
